250
0.2800000000
0.4600000000
0.4466666667
0.3800000000
0.6200000000
0.6000000000
0.2533333333
0.2400000000
0.3000000000
0.2800000000
0.2200000000
0.5266666667
0.1800000000
0.3800000000
0.2933333333
0.5600000000
0.5733333333
0.6133333333
0.3066666667
0.2533333333
0.5666666667
0.2200000000
0.5466666667
0.4866666667
0.3266666667
0.4666666667
0.3933333333
0.1533333333
0.3800000000
0.4800000000
0.4933333333
0.4600000000
0.2200000000
0.2800000000
0.1866666667
0.3066666667
0.2000000000
0.4266666667
0.1933333333
0.4933333333
0.2733333333
0.3266666667
0.3666666667
0.6533333333
0.5333333333
0.2133333333
0.1666666667
0.2533333333
0.5466666667
0.2000000000
0.2333333333
0.2600000000
0.3800000000
0.5600000000
0.4133333333
0.3333333333
0.3666666667
0.1800000000
0.2000000000
0.2400000000
0.1333333333
0.5200000000
0.3133333333
0.1733333333
0.3000000000
0.2733333333
0.3866666667
0.6533333333
0.6066666667
0.6400000000
0.4866666667
0.5600000000
0.2466666667
0.6200000000
0.6066666667
0.2866666667
0.4866666667
0.5666666667
0.5400000000
0.5266666667
0.4733333333
0.5333333333
0.5066666667
0.5533333333
0.2733333333
0.5200000000
0.4666666667
0.1533333333
0.2800000000
0.5800000000
0.2866666667
0.5600000000
0.4000000000
0.3666666667
0.3266666667
0.5200000000
0.4866666667
0.4133333333
0.2400000000
0.2933333333
0.6266666667
0.4600000000
0.2133333333
0.6400000000
0.4666666667
0.5600000000
0.3866666667
0.5200000000
0.1666666667
0.5333333333
0.3866666667
0.4400000000
0.5533333333
0.1600000000
0.6533333333
0.4000000000
0.2800000000
0.2866666667
0.2866666667
0.2600000000
0.6466666667
0.3800000000
0.5400000000
0.4133333333
0.5000000000
0.5400000000
0.1533333333
0.2866666667
0.3333333333
0.2533333333
0.4000000000
0.3866666667
0.4666666667
0.5866666667
0.2400000000
0.6000000000
0.2466666667
0.3000000000
0.3000000000
0.2600000000
0.2933333333
0.3533333333
0.4666666667
0.1600000000
0.5466666667
0.5400000000
0.3133333333
0.6466666667
0.2333333333
0.4333333333
0.4933333333
0.4533333333
0.3266666667
0.3666666667
0.3466666667
0.6266666667
0.6333333333
0.1933333333
0.6600000000
0.1333333333
0.1466666667
0.1666666667
0.3266666667
0.3066666667
0.6533333333
0.3933333333
0.6533333333
0.4000000000
0.1533333333
0.4800000000
0.2200000000
0.6533333333
0.5333333333
0.6333333333
0.5200000000
0.3800000000
0.4466666667
0.3533333333
0.3133333333
0.3533333333
0.2400000000
0.2533333333
0.6133333333
0.2000000000
0.5333333333
0.2133333333
0.6466666667
0.2600000000
0.5333333333
0.4800000000
0.3666666667
0.2733333333
0.4000000000
0.4466666667
0.3533333333
0.4333333333
0.6333333333
0.1333333333
0.4400000000
0.5200000000
0.6533333333
0.3133333333
0.6666666667
0.5666666667
0.3533333333
0.3533333333
0.4466666667
0.1800000000
0.1466666667
0.4066666667
0.2866666667
0.3466666667
0.5066666667
0.4266666667
0.4066666667
0.1933333333
0.2000000000
0.3066666667
0.5266666667
0.4400000000
0.1800000000
0.5266666667
0.6533333333
0.6000000000
0.1466666667
0.5000000000
0.3800000000
0.4466666667
0.2400000000
0.4666666667
0.6600000000
0.3200000000
0.2866666667
0.3000000000
0.4733333333
0.6666666667
0.5866666667
0.3200000000
0.1800000000
0.2600000000
0.2533333333
0.6666666667
0.4000000000
0.2800000000
0.1333333333
0.4600000000
0.1600000000
0.1533333333
0.6133333333
0.2133333333
